-34.98225403        0.00000000   
-34.85528946        0.00000000   
-34.72832489        0.00000000   
-34.60136032        0.00000000   
-34.47439575        0.00000000   
-34.34742737        0.00000000   
-34.22046280        0.00000000   
-34.09349823        0.00000000   
-33.96653366        0.00000000   
-33.83956528        0.00000000   
-33.71260071        0.00000000   
-33.58563614        0.00000000   
-33.45867157        0.00000000   
-33.33170319        0.00000000   
-33.20473862        0.00000000   
-33.07777405        0.00000000   
-32.95080566        0.00000000   
-32.82384109        0.00000000   
-32.69687653        0.00000000   
-32.56990814        0.00000000   
-32.44294357        0.00000000   
-32.31597519        0.00000000   
-32.18901062        0.00000000   
-32.06204605        0.00000000   
-31.93507767        0.00000000   
-31.80811119        0.00000000   
-31.68114471        0.00000000   
-31.55417824        0.00000000   
-31.42721176        0.00000000   
-31.30024529        0.00000000   
-31.17327881        0.00000000   
-31.04631233        0.00000000   
-30.91934586        0.00000000   
-30.79237938        0.00000000   
-30.66541290        0.00000000   
-30.53844643        0.00000000   
-30.41147804        0.00000000   
-30.28451157        0.00000000   
-30.15754509        0.00000000   
-30.03057671        0.00000000   
-29.90361023        0.00000000   
-29.77664375        0.00000000   
-29.64967537        0.00000000   
-29.52270889        0.00000000   
-29.39574051        0.00000000   
-29.26877403        0.00000000   
-29.14180565        0.00000000   
-29.01483917        0.00000000   
-28.88787079        0.00000000   
-28.76090431        0.00000000   
-28.63393593        0.00000000   
-28.50696754        0.00000000   
-28.38000107        0.00000000   
-28.25303268        0.00000000   
-28.12606430        0.00000000   
-27.99909592        0.00000000   
-27.87212753        0.00000000   
-27.74516106        0.00000000   
-27.61819267        0.00000000   
-27.49122429        0.00000000   
-27.36425591        0.00000000   
-27.23728752        0.00000000   
-27.11031914        0.00000000   
-26.98335075        0.00000000   
-26.85638237        0.00000000   
-26.72941399        0.00000000   
-26.60244560        0.00000000   
-26.47547722        0.00000000   
-26.34850883        0.00000000   
-26.22153854        0.00000000   
-26.09457016        0.00000000   
-25.96760178        0.00000000   
-25.84063339        0.00000000   
-25.71366310        0.00000000   
-25.58669472        0.00000000   
-25.45972633        0.00000000   
-25.33275604        0.00000000   
-25.20578766        0.00000000   
-25.07881927        0.00000000   
-24.95184898        0.00000000   
-24.82488060        0.00000000   
-24.69791031        0.00000000   
-24.57094193        0.00000000   
-24.44397163        0.00000000   
-24.31700134        0.00000000   
-24.19003296        0.00000000   
-24.06306267        0.00000000   
-23.93609238        0.00000000   
-23.80912399        0.00000000   
-23.68215370        0.00000000   
-23.55518341        0.00000000   
-23.42821312        0.00000000   
-23.30124474        0.00000000   
-23.17427444        0.00000001   
-23.04730415        0.00000003   
-22.92033386        0.00000015   
-22.79336357        0.00000062   
-22.66639328        0.00000250   
-22.53942299        0.00000957   
-22.41245270        0.00003498   
-22.28548241        0.00012208   
-22.15851212        0.00040661   
-22.03154182        0.00129253   
-21.90457153        0.00392115   
-21.77760124        0.01135200   
-21.65062904        0.03135913   
-21.52365875        0.08262860   
-21.39668846        0.20751518   
-21.26971817        0.49592482   
-21.14274597        1.12409475   
-21.01577568        2.40155609   
-20.88880539        4.78359431   
-20.76183319        8.73182052   
-20.63486290        14.26756489  
-20.50789070        20.36998471  
-20.38092041        25.15838386  
-20.25394821        27.52389899  
-20.12697792        28.16542381  
-20.00000572        28.24883649  
-19.87303543        28.25348731  
-19.74606323        28.25359271  
-19.61909103        28.25359373  
-19.49212074        28.25359374  
-19.36514854        28.25359374  
-19.23817635        28.25359374  
-19.11120605        28.25359374  
-18.98423386        28.25359374  
-18.85726166        28.25359374  
-18.73028946        28.25359374  
-18.60331726        28.25359374  
-18.47634506        28.25359374  
-18.34937286        28.25359374  
-18.22240257        28.25359367  
-18.09543037        28.25358415  
-17.96845818        28.25290931  
-17.84148598        28.23326684  
-17.71451187        27.99740917  
-17.58753967        26.72511189  
-17.46056747        23.22770416  
-17.33359528        17.60089625  
-17.20662308        11.55495276  
-17.07965088        6.69835990   
-16.95267677        3.51575485   
-16.82570457        1.70599461   
-16.69873238        0.77623784   
-16.57176018        0.33401847   
-16.44478607        0.13656351   
-16.31781387        0.05317908   
-16.19083977        0.01974589   
-16.06386757        0.00699490   
-15.93689442        0.00236452   
-15.80992126        0.00076278   
-15.68294811        0.00023484   
-15.55597496        0.00006900   
-15.42900181        0.00001935   
-15.30202866        0.00000518   
-15.17505550        0.00000132   
-15.04808140        0.00000032   
-14.92110825        0.00000008   
-14.79413414        0.00000002   
-14.66716099        0.00000000   
-14.54018688        0.00000000   
-14.41321373        0.00000000   
-14.28623962        0.00000000   
-14.15926552        0.00000000   
-14.03229237        0.00000000   
-13.90531826        0.00000000   
-13.77834415        0.00000000   
-13.65137005        0.00000000   
-13.52439594        0.00000000   
-13.39742184        0.00000000   
-13.27044773        0.00000000   
-13.14347363        0.00000000   
-13.01649952        0.00000000   
-12.88952446        0.00000000   
-12.76255035        0.00000000   
-12.63557625        0.00000000   
-12.50860119        0.00000000   
-12.38162708        0.00000000   
-12.25465202        0.00000000   
-12.12767696        0.00000000   
-12.00070286        0.00000000   
-11.87372780        0.00000000   
-11.74675274        0.00000000   
-11.61977768        0.00000000   
-11.49280357        0.00000000   
-11.36582851        0.00000000   
-11.23885345        0.00000000   
-11.11187840        0.00000000   
-10.98490238        0.00000000   
-10.85792732        0.00000000   
-10.73095226        0.00000000   
-10.60397720        0.00000000   
-10.47700119        0.00000000   
-10.35002613        0.00000000   
-10.22305107        0.00000000   
-10.09607506        0.00000000   
-9.96909905         0.00000000   
-9.84212399         0.00000000   
-9.71514797         0.00000000   
-9.58817196         0.00000000   
-9.46119690         0.00000000   
-9.33422089         0.00000000   
-9.20724487         0.00000000   
-9.08026886         0.00000000   
-8.95329285         0.00000000   
-8.82631683         0.00000000   
-8.69934082         0.00000000   
-8.57236385         0.00000000   
-8.44538784         0.00000000   
-8.31841183         0.00000000   
-8.19143581         0.00000000   
-8.06445885         0.00000000   
-7.93748236         0.00000000   
-7.81050587         0.00000000   
-7.68352938         0.00000000   
-7.55655289         0.00000000   
-7.42957592         0.00000000   
-7.30259943         0.00000000   
-7.17562246         0.00000000   
-7.04864597         0.00000000   
-6.92166901         0.00000000   
-6.79469204         0.00000000   
-6.66771507         0.00000000   
-6.54073811         0.00000000   
-6.41376066         0.00000000   
-6.28678369         0.00000000   
-6.15980625         0.00000000   
-6.03282929         0.00000000   
-5.90585184         0.00000000   
-5.77887440         0.00000000   
-5.65189695         0.00000000   
-5.52491951         0.00000000   
-5.39794207         0.00000000   
-5.27096462         0.00000000   
-5.14398670         0.00000000   
-5.01700926         0.00000000   
-4.89003134         0.00000000   
-4.76305342         0.00000000   
-4.63607550         0.00000000   
-4.50909758         0.00000000   
-4.38211966         0.00000000   
-4.25514173         0.00000000   
-4.12816381         0.00000000   
-4.00118542         0.00000000   
-3.87420726         0.00000000   
-3.74722910         0.00000000   
-3.62025070         0.00000000   
-3.49327254         0.00000000   
-3.36629415         0.00000000   
-3.23931551         0.00000000   
-3.11233711         0.00000000   
-2.98535848         0.00000000   
-2.85837984         0.00000000   
-2.73140121         0.00000000   
-2.60442257         0.00000000   
-2.47744369         0.00000000   
-2.35046506         0.00000000   
-2.22348595         0.00000000   
-2.09650707         0.00000000   
-1.96952808         0.00000000   
-1.84254909         0.00000000   
-1.71556997         0.00000000   
-1.58859086         0.00000000   
-1.46161163         0.00000000   
-1.33463240         0.00000000   
-1.20765305         0.00000000   
-1.08067369         0.00000000   
-0.95369428         0.00000000   
-0.82671481         0.00000000   
-0.69973528         0.00000000   
-0.57275569         0.00000000   
-0.44577608         0.00000000   
-0.31879637         0.00000000   
-0.19181663         0.00000000   
-0.06483683         0.00000000   
0.11569595          0.00000000   
0.24850464          0.00000000   
0.38130951          0.00000000   
0.51411819          0.00000000   
0.64692688          0.00000000   
0.77973175          0.00000000   
0.91254044          0.00000000   
1.04534912          0.00000000   
1.17815399          0.00000000   
1.31096268          0.00000000   
1.44377136          0.00000000   
1.57657623          0.00000000   
1.70938492          0.00000000   
1.84219360          0.00000000   
1.97500229          0.00000000   
2.10780716          0.00000000   
2.24061584          0.00000000   
2.37342453          0.00000000   
2.50623322          0.00000000   
2.63904190          0.00000000   
2.77185059          0.00000000   
2.90465927          0.00000000   
3.03746605          0.00000000   
3.17027473          0.00000000   
3.30308342          0.00000000   
3.43589020          0.00000000   
3.56869888          0.00000000   
3.70150757          0.00000000   
3.83431625          0.00000000   
3.96712494          0.00000000   
4.09993362          0.00000000   
4.23274422          0.00000000   
4.36555290          0.00000000   
4.49836159          0.00000000   
4.63117027          0.00000000   
4.76397896          0.00000000   
4.89678764          0.00000000   
5.02959824          0.00000000   
5.16240692          0.00000000   
5.29521561          0.00000000   
5.42802620          0.00000000   
5.56083488          0.00000000   
5.69364548          0.00000000   
5.82645416          0.00000000   
5.95926285          0.00000000   
6.09207344          0.00000000   
6.22488403          0.00000000   
6.35769272          0.00000000   
6.49050331          0.00000000   
6.62331200          0.00000000   
6.75612259          0.00000000   
6.88893318          0.00000000   
7.02174187          0.00000000   
7.15455246          0.00000000   
7.28736305          0.00000000   
7.42017365          0.00000000   
7.55298424          0.00000000   
7.68579483          0.00000000   
7.81860352          0.00000000   
7.95141411          0.00000000   
8.08422470          0.00000000   
8.21703529          0.00000000   
8.34984589          0.00000000   
8.48265839          0.00000000   
8.61546898          0.00000000   
8.74827957          0.00000000   
8.88109016          0.00000000   
9.01390076          0.00000000   
9.14671135          0.00000000   
9.27952385          0.00000000   
9.41233444          0.00000000   
9.54514503          0.00000000   
9.67795753          0.00000000   
9.81076813          0.00000000   
9.94357872          0.00000000   
10.07639122         0.00000000   
10.20920181         0.00000000   
10.34201431         0.00000000   
10.47482491         0.00000000   
10.60763741         0.00000000   
10.74044800         0.00000000   
10.87326050         0.00000000   
11.00607300         0.00000000   
11.13888359         0.00000000   
11.27169609         0.00000000   
11.40450859         0.00000000   
11.53732109         0.00000000   
11.67013359         0.00000000   
11.80294418         0.00000000   
11.93575668         0.00000000   
12.06856918         0.00000000   
12.20138168         0.00000001   
12.33419418         0.00000004   
12.46700668         0.00000015   
12.59981918         0.00000057   
12.73263168         0.00000209   
12.86544418         0.00000730   
12.99825668         0.00002422   
13.13107109         0.00007637   
13.26388359         0.00022878   
13.39669609         0.00065126   
13.52950859         0.00176153   
13.66232109         0.00452720   
13.79513550         0.01105498   
13.92794800         0.02564675   
14.06076050         0.05651916   
14.19357491         0.11828786   
14.32638741         0.23500137   
14.45920181         0.44290478   
14.59201431         0.79114331   
14.72482872         1.33787459   
14.85764122         2.13917720   
14.99045563         3.23066036   
15.12327003         4.60596107   
15.25608253         6.20184654   
15.38889694         7.90001470   
15.52171135         9.54822158   
15.65452385         10.99259003  
15.78733826         12.10587224  
15.92015266         12.80094434  
16.05296707         13.03029232  
16.18578148         12.77960491  
16.31859398         12.06457453  
16.45140839         10.93433200  
16.58422279         9.47784977   
16.71703720         7.82401989   
16.84985161         6.12731239   
16.98266602         4.53909528   
17.11548042         3.17557703   
17.24829674         2.09729789   
17.38111115         1.30835944   
17.51392555         0.77177631   
17.64673996         0.43101380   
17.77955437         0.22814938   
17.91237068         0.11456802   
18.04518509         0.05461498   
18.17799950         0.02472535   
18.31081581         0.01063310   
18.44363022         0.00434446   
18.57644463         0.00168654   
18.70926094         0.00062209   
18.84207535         0.00021803   
18.97489166         0.00007261   
19.10770702         0.00002298   
19.24052238         0.00000691   
19.37333775         0.00000197   
19.50615311         0.00000054   
19.63896942         0.00000014   
19.77178478         0.00000003   
19.90460014         0.00000001   
20.03741646         0.00000000   
20.17023182         0.00000000   
20.30304813         0.00000000   
20.43586445         0.00000000   
20.56868076         0.00000000   
20.70149612         0.00000000   
20.83431244         0.00000000   
20.96712875         0.00000000   
21.09994507         0.00000000   
21.23276138         0.00000000   
21.36557770         0.00000000   
21.49839497         0.00000000   
21.63121128         0.00000000   
21.76402760         0.00000000   
21.89684486         0.00000000   
22.02966118         0.00000000   
22.16247749         0.00000000   
22.29529476         0.00000000   
22.42811203         0.00000000   
22.56092834         0.00000000   
22.69374561         0.00000000   
22.82656288         0.00000000   
22.95938015         0.00000000   
23.09219742         0.00000000   
23.22501469         0.00000000   
23.35783195         0.00000000   
23.49064922         0.00000000   
23.62346649         0.00000000   
23.75628376         0.00000000   
23.88910198         0.00000000   
24.02191925         0.00000000   
24.15473652         0.00000000   
24.28755474         0.00000000   
24.42037201         0.00000000   
24.55319023         0.00000000   
24.68600845         0.00000000   
24.81882572         0.00000000   
24.95164394         0.00000000   
25.08446217         0.00000000   
25.21728039         0.00000000   
25.35009861         0.00000000   
25.48291683         0.00000000   
25.61573505         0.00000000   
25.74855328         0.00000000   
25.88137245         0.00000000   
26.01419067         0.00000000   
26.14700890         0.00000000   
26.27982807         0.00000000   
26.41264629         0.00000000   
26.54546547         0.00000000   
26.67828369         0.00000000   
26.81110287         0.00000000   
26.94392204         0.00000000   
27.07674074         0.00000000   
27.20955944         0.00000000   
27.34237862         0.00000000   
27.47519779         0.00000000   
27.60801697         0.00000000   
27.74083614         0.00000000   
27.87365580         0.00000000   
28.00647497         0.00000000   
28.13929462         0.00000000   
28.27211380         0.00000000   
28.40493345         0.00000000   
28.53775311         0.00000000   
28.67057276         0.00000000   
28.80339241         0.00000000   
28.93621254         0.00000000   
29.06903219         0.00000000   
29.20185232         0.00000000   
29.33467197         0.00000000   
29.46749210         0.00000000   
29.60031223         0.00000000   
29.73313236         0.00000000   
29.86595249         0.00000000   
29.99877262         0.00000000   
30.13159323         0.00000000   
30.26441336         0.00000000   
30.39723396         0.00000000   
30.53005457         0.00000000   
30.66287517         0.00000000   
30.79569578         0.00000000   
30.92851639         0.00000000   
31.06133699         0.00000000   
31.19415784         0.00000000   
31.32697868         0.00000000   
31.45979953         0.00000000   
31.59262061         0.00000000   
31.72544169         0.00000000   
31.85826278         0.00000000   
31.99108386         0.00000000   
32.12390494         0.00000000   
32.25672626         0.00000000   
32.38954759         0.00000000   
32.52236891         0.00000000   
32.65519047         0.00000000   
32.78801203         0.00000000   
32.92083359         0.00000000   
33.05365515         0.00000000   
33.18647683         0.00000000   
33.31929851         0.00000000   
33.45212030         0.00000000   
33.58494222         0.00000000   
33.71776414         0.00000000   
33.85058606         0.00000000   
33.98340809         0.00000000   
34.11623019         0.00000000   
34.24905235         0.00000000   
34.38187456         0.00000000   
34.51469681         0.00000000   
34.64751914         0.00000000   
34.78034152         0.00000000   
34.91316396         0.00000000   
35.15000153         0.00000000   
35.29999924         0.00000000   
35.45000076         0.00000000   
35.59999847         0.00000000   
35.75000000         0.00000000   
35.90000153         0.00000000   
36.04999924         0.00000000   
36.20000076         0.00000000   
36.34999847         0.00000000   
36.50000000         0.00000000   
36.65000153         0.00000000   
36.79999924         0.00000000   
36.95000076         0.00000000   
37.09999847         0.00000000   
37.25000000         0.00000000   
37.40000153         0.00000000   
37.54999924         0.00000000   
37.70000076         0.00000000   
37.84999847         0.00000000   
38.00000000         0.00000000   
38.14999962         0.00000000   
38.29999924         0.00000000   
38.45000076         0.00000000   
38.60000038         0.00000000   
38.75000000         0.00000000   
38.89999962         0.00000000   
39.04999924         0.00000000   
39.20000076         0.00000000   
39.35000038         0.00000000   
39.50000000         0.00000000   
39.64999962         0.00000000   
39.79999924         0.00000000   
39.95000076         0.00000000   
40.10000038         0.00000000   
40.25000000         0.00000000   
40.39999962         0.00000000   
40.54999924         0.00000000   
40.70000076         0.00000000   
40.85000038         0.00000000   
41.00000000         0.00000000   
41.14999962         0.00000000   
41.29999924         0.00000000   
41.45000076         0.00000000   
41.60000038         0.00000000   
41.75000000         0.00000000   
41.89999962         0.00000000   
42.04999924         0.00000000   
42.20000076         0.00000000   
42.35000038         0.00000000   
42.50000000         0.00000000   
42.64999962         0.00000000   
42.79999924         0.00000000   
42.95000076         0.00000000   
43.10000038         0.00000000   
43.25000000         0.00000000   
43.39999962         0.00000000   
43.54999924         0.00000000   
43.70000076         0.00000000   
43.85000038         0.00000000   
44.00000000         0.00000000   
44.14999962         0.00000000   
44.29999924         0.00000000   
44.45000076         0.00000000   
44.60000038         0.00000000   
44.75000000         0.00000000   
44.89999962         0.00000000   
45.04999924         0.00000000   
45.20000076         0.00000000   
45.35000038         0.00000000   
45.50000000         0.00000000   
45.64999962         0.00000000   
45.79999924         0.00000000   
45.95000076         0.00000000   
46.10000038         0.00000000   
46.25000000         0.00000000   
46.39999962         0.00000000   
46.54999924         0.00000000   
46.70000076         0.00000000   
46.85000038         0.00000001   
47.00000000         0.00000006   
47.14999962         0.00000035   
47.29999924         0.00000185   
47.45000076         0.00000915   
47.60000038         0.00004230   
47.75000000         0.00018326   
47.89999962         0.00074392   
48.04999924         0.00282926   
48.20000076         0.01008062   
48.35000038         0.03364157   
48.50000000         0.10510395   
48.64999962         0.30698354   
48.79999924         0.83542375   
48.95000076         2.10260310   
49.10000038         4.82102835   
49.25000000         9.80751652   
49.39999962         17.03696914  
49.54999924         24.36534013  
49.70000076         28.75167604  
49.85000038         30.01516860  
50.00000000         30.15617258  
50.14999962         30.16119834  
50.29999924         30.16125009  
50.45000076         30.16125026  
50.60000038         30.16125026  
50.75000000         30.16125026  
50.89999962         30.16125026  
51.04999924         30.16125026  
51.20000076         30.16125026  
51.35000038         30.16125026  
51.50000000         30.16125026  
51.64999962         30.16125026  
51.79999924         30.16125009  
51.95000076         30.16119833  
52.10000038         30.15617253  
52.25000000         30.01516757  
52.39999962         28.75166962  
52.54999924         24.36540326  
52.70000076         17.03694930  
52.85000038         9.80750067   
53.00000000         4.82101888   
53.14999962         2.10259841   
53.29999924         0.83543191   
53.45000076         0.30698273   
53.60000038         0.10510365   
53.75000000         0.03364147   
53.89999962         0.01008059   
54.05000019         0.00282928   
54.19999981         0.00074393   
54.35000038         0.00018326   
54.50000000         0.00004230   
54.64999962         0.00000915   
54.80000019         0.00000185   
54.94999981         0.00000035   
55.10000038         0.00000006   
55.25000000         0.00000001   
55.39999962         0.00000000   
55.55000019         0.00000000   
55.69999981         0.00000000   
55.85000038         0.00000000   
56.00000000         0.00000000   
56.14999962         0.00000000   
56.30000019         0.00000000   
56.44999981         0.00000000   
56.60000038         0.00000000   
56.75000000         0.00000000   
56.89999962         0.00000000   
57.05000019         0.00000000   
57.19999981         0.00000000   
57.35000038         0.00000000   
57.50000000         0.00000000   
57.64999962         0.00000000   
57.80000019         0.00000000   
57.94999981         0.00000000   
58.10000038         0.00000000   
58.25000000         0.00000000   
58.39999962         0.00000000   
58.55000019         0.00000000   
58.69999981         0.00000000   
58.85000038         0.00000000   
59.00000000         0.00000000   
59.14999962         0.00000000   
59.30000019         0.00000000   
59.44999981         0.00000000   
59.60000038         0.00000000   
59.75000000         0.00000000   
59.89999962         0.00000000   
60.05000019         0.00000000   
60.19999981         0.00000000   
60.35000038         0.00000000   
60.50000000         0.00000000   
60.64999962         0.00000000   
60.80000019         0.00000000   
60.94999981         0.00000000   
61.10000038         0.00000000   
61.25000000         0.00000000   
61.39999962         0.00000000   
61.55000019         0.00000000   
61.69999981         0.00000000   
61.85000038         0.00000000   
62.00000000         0.00000000   
62.15000010         0.00000000   
62.30000019         0.00000000   
62.44999981         0.00000000   
62.59999990         0.00000000   
62.75000000         0.00000000   
62.90000010         0.00000000   
63.05000019         0.00000000   
63.19999981         0.00000000   
63.34999990         0.00000000   
63.50000000         0.00000000   
63.65000010         0.00000000   
63.80000019         0.00000000   
63.94999981         0.00000000   
64.09999991         0.00000000   
64.25000000         0.00000000   
64.40000009         0.00000000   
64.55000019         0.00000000   
64.69999981         0.00000000   
64.84999991         0.00000000   
65.00000000         0.00000000   
65.15000009         0.00000000   
65.30000019         0.00000000   
65.44999981         0.00000000   
65.59999991         0.00000000   
65.75000000         0.00000000   
65.90000009         0.00000000   
66.04999995         0.00000000   
66.20000005         0.00000000   
66.34999991         0.00000000   
66.50000000         0.00000000   
66.65000009         0.00000000   
66.79999995         0.00000000   
66.95000005         0.00000000   
67.09999991         0.00000000   
67.25000000         0.00000000   
67.40000009         0.00000000   
67.54999995         0.00000000   
67.70000005         0.00000000   
67.84999991         0.00000000   
68.00000000         0.00000000   
68.14999998         0.00000000   
68.29999995         0.00000000   
68.45000005         0.00000000   
68.60000002         0.00000000   
68.75000000         0.00000000   
68.89999998         0.00000000   
69.05000001         0.00000000   
69.19999999         0.00000000   
69.35000002         0.00000000   
69.50000000         0.00000000   
69.65000001         0.00000000   
69.80000000         0.00000000   
69.95000000         0.00000000   
70.15000153         0.00000000   
70.29999924         0.00000000   
70.45000076         0.00000000   
70.59999847         0.00000000   
70.75000000         0.00000000   
70.90000153         0.00000000   
71.04999924         0.00000000   
71.20000076         0.00000000   
71.34999847         0.00000000   
71.50000000         0.00000000   
71.65000153         0.00000000   
71.79999924         0.00000000   
71.95000076         0.00000000   
72.09999847         0.00000000   
72.25000000         0.00000000   
72.40000153         0.00000000   
72.54999924         0.00000000   
72.70000076         0.00000000   
72.84999847         0.00000000   
73.00000000         0.00000000   
73.14999962         0.00000000   
73.29999924         0.00000000   
73.45000076         0.00000000   
73.60000038         0.00000000   
73.75000000         0.00000000   
73.89999962         0.00000000   
74.04999924         0.00000000   
74.20000076         0.00000000   
74.35000038         0.00000000   
74.50000000         0.00000000   
74.64999962         0.00000000   
74.79999924         0.00000000   
74.95000076         0.00000000   
75.10000038         0.00000000   
75.25000000         0.00000000   
75.39999962         0.00000000   
75.54999924         0.00000000   
75.70000076         0.00000000   
75.85000038         0.00000000   
76.00000000         0.00000000   
76.14999962         0.00000000   
76.29999924         0.00000000   
76.45000076         0.00000000   
76.60000038         0.00000000   
76.75000000         0.00000000   
76.89999962         0.00000000   
77.04999924         0.00000000   
77.20000076         0.00000000   
77.35000038         0.00000000   
77.50000000         0.00000000   
77.64999962         0.00000000   
77.79999924         0.00000000   
77.95000076         0.00000000   
78.10000038         0.00000000   
78.25000000         0.00000000   
78.39999962         0.00000000   
78.54999924         0.00000000   
78.70000076         0.00000000   
78.85000038         0.00000000   
79.00000000         0.00000000   
79.14999962         0.00000000   
79.29999924         0.00000000   
79.45000076         0.00000000   
79.60000038         0.00000000   
79.75000000         0.00000000   
79.89999962         0.00000000   
80.04999924         0.00000000   
80.20000076         0.00000000   
80.35000038         0.00000000   
80.50000000         0.00000000   
80.64999962         0.00000000   
80.79999924         0.00000000   
80.95000076         0.00000000   
81.10000038         0.00000000   
81.25000000         0.00000000   
81.39999962         0.00000000   
81.54999924         0.00000000   
81.70000076         0.00000000   
81.85000038         0.00000000   
82.00000000         0.00000000   
82.14999962         0.00000001   
82.29999924         0.00000003   
82.45000076         0.00000013   
82.60000038         0.00000061   
82.75000000         0.00000262   
82.89999962         0.00001065   
83.04999924         0.00004051   
83.20000076         0.00014435   
83.35000038         0.00048190   
83.50000000         0.00150733   
83.64999962         0.00441719   
83.79999924         0.01212686   
83.95000076         0.03118698   
84.10000038         0.07511274   
84.25000000         0.16935194   
84.39999962         0.35717941   
84.54999924         0.70390425   
84.70000076         1.29422601   
84.85000038         2.21616557   
85.00000000         3.52865070   
85.14999962         5.22055755   
85.29999924         7.18296483   
85.45000076         9.21808288   
85.60000038         11.08753880  
85.75000000         12.57413943  
85.89999962         13.52261600  
86.04999924         13.84751564  
86.20000076         13.52261436  
86.35000038         12.57413630  
86.50000000         11.08753447  
86.64999962         9.21807784   
86.79999924         7.18298548   
86.95000076         5.22055285   
87.10000038         3.52864687   
87.25000000         2.21616275   
87.39999962         1.29422413   
87.54999924         0.70390884   
87.70000076         0.35717877   
87.85000038         0.16935160   
88.00000000         0.07511258   
88.14999962         0.03118691   
88.29999924         0.01212698   
88.45000076         0.00441718   
88.60000038         0.00150733   
88.75000000         0.00048190   
88.89999962         0.00014434   
89.05000019         0.00004051   
89.19999981         0.00001065   
89.35000038         0.00000262   
89.50000000         0.00000061   
89.64999962         0.00000013   
89.80000019         0.00000003   
89.94999981         0.00000001   
90.10000038         0.00000000   
90.25000000         0.00000000   
90.39999962         0.00000000   
90.55000019         0.00000000   
90.69999981         0.00000000   
90.85000038         0.00000000   
91.00000000         0.00000000   
91.14999962         0.00000000   
91.30000019         0.00000000   
91.44999981         0.00000000   
91.60000038         0.00000000   
91.75000000         0.00000000   
91.89999962         0.00000000   
92.05000019         0.00000000   
92.19999981         0.00000000   
92.35000038         0.00000000   
92.50000000         0.00000000   
92.64999962         0.00000000   
92.80000019         0.00000000   
92.94999981         0.00000000   
93.10000038         0.00000000   
93.25000000         0.00000000   
93.39999962         0.00000000   
93.55000019         0.00000000   
93.69999981         0.00000000   
93.85000038         0.00000000   
94.00000000         0.00000000   
94.14999962         0.00000000   
94.30000019         0.00000000   
94.44999981         0.00000000   
94.60000038         0.00000000   
94.75000000         0.00000000   
94.89999962         0.00000000   
95.05000019         0.00000000   
95.19999981         0.00000000   
95.35000038         0.00000000   
95.50000000         0.00000000   
95.64999962         0.00000000   
95.80000019         0.00000000   
95.94999981         0.00000000   
96.10000038         0.00000000   
96.25000000         0.00000000   
96.39999962         0.00000000   
96.55000019         0.00000000   
96.69999981         0.00000000   
96.85000038         0.00000000   
97.00000000         0.00000000   
97.15000009         0.00000000   
97.30000019         0.00000000   
97.44999981         0.00000000   
97.59999991         0.00000000   
97.75000000         0.00000000   
97.90000009         0.00000000   
98.05000019         0.00000000   
98.19999981         0.00000000   
98.34999991         0.00000000   
98.50000000         0.00000000   
98.65000009         0.00000000   
98.80000019         0.00000000   
98.94999981         0.00000000   
99.09999991         0.00000000   
99.25000000         0.00000000   
99.40000009         0.00000000   
99.55000019         0.00000000   
99.69999981         0.00000000   
99.84999991         0.00000000   
100.00000000        0.00000000   
100.15000009        0.00000000   
100.30000019        0.00000000   
100.44999981        0.00000000   
100.59999991        0.00000000   
100.75000000        0.00000000   
100.90000009        0.00000000   
101.04999995        0.00000000   
101.20000005        0.00000000   
101.34999991        0.00000000   
101.50000000        0.00000000   
101.65000009        0.00000000   
101.79999995        0.00000000   
101.95000005        0.00000000   
102.09999991        0.00000000   
102.25000000        0.00000000   
102.40000009        0.00000000   
102.54999995        0.00000000   
102.70000005        0.00000000   
102.84999991        0.00000000   
103.00000000        0.00000000   
103.14999998        0.00000000   
103.29999995        0.00000000   
103.45000005        0.00000000   
103.60000002        0.00000000   
103.75000000        0.00000000   
103.89999998        0.00000000   
104.05000001        0.00000000   
104.19999999        0.00000000   
104.35000002        0.00000000   
104.50000000        0.00000000   
104.65000001        0.00000000   
104.80000000        0.00000000   
104.95000000        0.00000000   
105.11573410        0.00000000   
105.24854279        0.00000000   
105.38135147        0.00000000   
105.51415634        0.00000000   
105.64696503        0.00000000   
105.77977371        0.00000000   
105.91257858        0.00000000   
106.04538727        0.00000000   
106.17819595        0.00000000   
106.31100082        0.00000000   
106.44380951        0.00000000   
106.57661819        0.00000000   
106.70942307        0.00000000   
106.84223175        0.00000000   
106.97504044        0.00000000   
107.10784912        0.00000000   
107.24065781        0.00000000   
107.37346268        0.00000000   
107.50627136        0.00000000   
107.63908005        0.00000000   
107.77188873        0.00000000   
107.90469742        0.00000000   
108.03750610        0.00000000   
108.17031288        0.00000000   
108.30312157        0.00000000   
108.43593025        0.00000000   
108.56873894        0.00000000   
108.70154762        0.00000000   
108.83435631        0.00000000   
108.96716499        0.00000000   
109.09997368        0.00000000   
109.23278236        0.00000000   
109.36559105        0.00000000   
109.49840164        0.00000000   
109.63121033        0.00000000   
109.76401901        0.00000000   
109.89682770        0.00000000   
110.02963638        0.00000000   
110.16244698        0.00000000   
110.29525566        0.00000000   
110.42806435        0.00000000   
110.56087494        0.00000000   
110.69368362        0.00000000   
110.82649422        0.00000000   
110.95930290        0.00000000   
111.09211349        0.00000000   
111.22492218        0.00000000   
111.35773277        0.00000000   
111.49054146        0.00000000   
111.62335205        0.00000000   
111.75616264        0.00000000   
111.88897133        0.00000000   
112.02178192        0.00000000   
112.15459251        0.00000000   
112.28740311        0.00000000   
112.42021370        0.00000000   
112.55302238        0.00000000   
112.68583298        0.00000000   
112.81864357        0.00000000   
112.95145416        0.00000000   
113.08426476        0.00000000   
113.21707535        0.00000000   
113.34988594        0.00000000   
113.48269653        0.00000000   
113.61550713        0.00000000   
113.74831963        0.00000000   
113.88113022        0.00000000   
114.01394081        0.00000000   
114.14675140        0.00000000   
114.27956200        0.00000000   
114.41237450        0.00000000   
114.54518509        0.00000000   
114.67799568        0.00000000   
114.81080818        0.00000000   
114.94361877        0.00000000   
115.07643127        0.00000000   
115.20924187        0.00000000   
115.34205437        0.00000000   
115.47486496        0.00000000   
115.60767746        0.00000000   
115.74048805        0.00000000   
115.87330055        0.00000000   
116.00611305        0.00000000   
116.13892365        0.00000000   
116.27173615        0.00000000   
116.40454865        0.00000000   
116.53735924        0.00000000   
116.67017174        0.00000000   
116.80298424        0.00000000   
116.93579674        0.00000000   
117.06860924        0.00000000   
117.20142174        0.00000000   
117.33423424        0.00000000   
117.46704674        0.00000000   
117.59985924        0.00000000   
117.73267174        0.00000000   
117.86548424        0.00000000   
117.99829674        0.00000000   
118.13110924        0.00000000   
118.26392174        0.00000000   
118.39673615        0.00000000   
118.52954865        0.00000000   
118.66236115        0.00000000   
118.79517365        0.00000000   
118.92798805        0.00000000   
119.06080055        0.00000000   
119.19361496        0.00000000   
119.32642746        0.00000000   
119.45923996        0.00000000   
119.59205437        0.00000000   
119.72486687        0.00000000   
119.85768127        0.00000000   
119.99049568        0.00000000   
120.12330818        0.00000000   
120.25612259        0.00000000   
120.38893700        0.00000000   
120.52174950        0.00000000   
120.65456390        0.00000000   
120.78737831        0.00000000   
120.92019272        0.00000000   
121.05300522        0.00000000   
121.18581963        0.00000000   
121.31863403        0.00000000   
121.45144844        0.00000000   
121.58426285        0.00000000   
121.71707726        0.00000000   
121.84989166        0.00000000   
121.98270607        0.00000000   
122.11552048        0.00000000   
122.24833488        0.00000000   
122.38114929        0.00000000   
122.51396561        0.00000000   
122.64678001        0.00000000   
122.77959442        0.00000000   
122.91240883        0.00000000   
123.04522514        0.00000000   
123.17803955        0.00000000   
123.31085396        0.00000000   
123.44367027        0.00000000   
123.57648468        0.00000000   
123.70930099        0.00000000   
123.84211540        0.00000000   
123.97492981        0.00000000   
124.10774612        0.00000000   
124.24056149        0.00000000   
124.37337685        0.00000000   
124.50619316        0.00000000   
124.63900852        0.00000000   
124.77182388        0.00000000   
124.90464020        0.00000000   
125.03745556        0.00000000   
125.17027187        0.00000000   
125.30308819        0.00000000   
125.43590355        0.00000000   
125.56871986        0.00000000   
125.70153618        0.00000000   
125.83435249        0.00000000   
125.96716881        0.00000000   
126.09998512        0.00000000   
126.23280144        0.00000000   
126.36561775        0.00000000   
126.49843407        0.00000000   
126.63125038        0.00000000   
126.76406765        0.00000000   
126.89688396        0.00000000   
127.02970028        0.00000000   
127.16251755        0.00000000   
127.29533482        0.00000000   
127.42815113        0.00000000   
127.56096840        0.00000000   
127.69378567        0.00000000   
127.82660198        0.00000000   
127.95941925        0.00000000   
128.09223652        0.00000000   
128.22505379        0.00000000   
128.35787106        0.00000000   
128.49068832        0.00000000   
128.62350655        0.00000000   
128.75632381        0.00000000   
128.88914108        0.00000000   
129.02195835        0.00000000   
129.15477657        0.00000000   
129.28759384        0.00000000   
129.42041206        0.00000000   
129.55323029        0.00000000   
129.68604755        0.00000000   
129.81886578        0.00000000   
129.95168400        0.00000000   
130.08450222        0.00000000   
130.21731949        0.00000000   
130.35013771        0.00000000   
130.48295689        0.00000000   
130.61577511        0.00000000   
130.74859333        0.00000000   
130.88141155        0.00000000   
131.01422977        0.00000000   
131.14704895        0.00000000   
131.27986717        0.00000000   
131.41268635        0.00000000   
131.54550457        0.00000000   
131.67832375        0.00000000   
131.81114197        0.00000000   
131.94396114        0.00000000   
132.07678032        0.00000000   
132.20959902        0.00000000   
132.34241819        0.00000000   
132.47523737        0.00000000   
132.60805655        0.00000000   
132.74087572        0.00000000   
132.87369537        0.00000000   
133.00651455        0.00000000   
133.13933420        0.00000000   
133.27215338        0.00000000   
133.40497303        0.00000000   
133.53779268        0.00000000   
133.67061233        0.00000000   
133.80343199        0.00000000   
133.93625212        0.00000000   
134.06907177        0.00000000   
134.20189190        0.00000000   
134.33471155        0.00000000   
134.46753168        0.00000000   
134.60035181        0.00000000   
134.73317194        0.00000000   
134.86599207        0.00000000   
134.99881220        0.00000000   
135.13163281        0.00000000   
135.26445293        0.00000000   
135.39727354        0.00000000   
135.53009415        0.00000000   
135.66291475        0.00000000   
135.79573536        0.00000000   
135.92855596        0.00000000   
136.06137657        0.00000000   
136.19419742        0.00000000   
136.32701826        0.00000000   
136.45983911        0.00000000   
136.59266019        0.00000000   
136.72548127        0.00000000   
136.85830236        0.00000000   
136.99112344        0.00000000   
137.12394452        0.00000000   
137.25676584        0.00000000   
137.38958716        0.00000000   
137.52240849        0.00000000   
137.65523004        0.00000000   
137.78805160        0.00000000   
137.92087316        0.00000000   
138.05369473        0.00000000   
138.18651640        0.00000000   
138.31933808        0.00000000   
138.45215988        0.00000000   
138.58498180        0.00000000   
138.71780372        0.00000000   
138.85062563        0.00000000   
138.98344767        0.00000000   
139.11626977        0.00000000   
139.24909192        0.00000000   
139.38191408        0.00000000   
139.51473635        0.00000000   
139.64755869        0.00000000   
139.78038107        0.00000000   
139.91320351        0.00000000   
